159
265
763
765
766
768
772
2748
5151
5165
5768
5772
5784
5811
6013
6016
6025
6040
6073
6074
6108
6145
6150
6151
6177
6180
6184
6188
6195
6209
6216
6243
6244
6898
6911
6915
6929
6938
6939
6940
6945
6958
6961
6963
6979
6987
7000
7002
7003
7008
7013
7025
7028
7031
7036
7062
7063
7067
7071
7077
7092
7103
7106
7125
7126
7127
7143
7164
7165
7186
7203
7207
7209
7217
7218
7244
7255
7268
7273
7276
7282
7287
7288
7296
7298
7316
7323
7333
7346
7347
7353
7372
7373
7378
7384
7394
7404
7411
7521
8214
8230
8231
8240
8247
8249
8311
8312
8351
8354
8357
8376
8387
9057
9058
9371
9394
9399
9409
9416
9427
9470
9481
9506
9507
9510
9512
9517
9518
9520
9521
9522
9523
9524
9526
9527
9528
9529
9534
9535
9537
9539
9542
9544
9546
9547
9548
9549
9553
9555
9557
9559
9560
9562
9564
9565
9567
9568
9574
9576
9577
9579
9581
9582
9584
9586
9587
9589
9591
9594
9595
9596
9597
9598
9600
9602
9606
9612
9619
9625
9629
9632
9634
9637
9640
9643
9649
9653
9657
9659
9697
9698
9699
9713
9716
9719
9723
9726
9736
9737
9739
9741
9743
9748
9749
9758
9759
9766
9769
9774
9775
9779
9781
9782
9784
9803
9804
9813
9814
9820
9837
9879
9910
9920
9921
9925
9933
9941
9944
9947
9992
10006
10014