20927732
19991011
13992774
20153225
18384254
15612630
16735561
8778674
5141416
8519002
8322276
7983697
8833362
8654892
19817817
21176548
16896187
18312014
32873343
23650112
22978801
19378929
1947481
9462803
9856767
9449988
7787298
1033846
6486295
7203362
6808561
7070234
9096335
8733260
6741560
8587523
9133621
8334896
8206696
7253895
5918747
9926996
8721372
6038667
8973012
6618246
9431227
5027237
5374332
6839556
6257328
5559121
7174523
5277208
9125742
7599139
9108222
10628964
10439763
5158447
5292061
3909608
6485550
9574166
2601346
1669953
2114979
1780466
7025965
6883913
6647750
5968531
4596340
5421415
5147357
4063233
5781139
1211596
1266037
1105879
782541
773181
7622334
5961480
8619180
4388116
2888172
2472360
1500841
1053305
967884
555982
1241650
526405
1575687
7565318
5707319
4884215
4162801
2676105
8403265
8053930
8854322
7485394
5435914
5357372
2782890
3198965
2570391
1185130
5305837
6728059
7097137
9310094
5539398
4697951
6059867
7244931
8620228
8428427
2636845
2046742
1890852
2066218
4658868
3664087
2804881
2732174
1340412
1886725
7363511
8445588
7353194
6628509
6721097
7013891
7172890
5243208
5984291
5875639
2636574
9547144
8192801
8050627
7397120
7601474
6816061
7080915
7028732
4736271
7986466
9433943
8017942
4664490
3821896
6056226
36869
21814
19253
24738
20926
16008
6188879
5867351
8009564
5775552
6449236
5622708
7764058
2189052
2734992
2792459
2168898
4152533
5740501
2844228
4132454
13273360
10206193
12646865
1983039
11416029
12161995
12933690
5473819
14006613
15312985
17949709
16600813
6002044
5276738
19525576
22801773
3694208
2167175
7741156
10002842
10489726
8678838
7310347
5792649
8383157
7235281
3432701
4320121
5723665
5438734
4953881
3384059
4677116
5565827
5099379
3336538
5425527
4834830
4297769
3590763
3326344
3496817
4660371
5931749
5948641
4601433
2819699
6188346
6270317
5938752
4758734
3154060
3999246
6035288
5655738
3787680
5182823
5562338
5841997
4779382
4639991
5530869
6347305
4745388
5053914
3721006
1539801
1921216
26985397
7463646
9405743
8767194
587651
9603963
19819282
4787138
8059598
9265179
6585637
7162041
3631745
7615737
6215009
8272086
3648433
2713610
5380126
6838456
11418884
10836017
5982206
6727536
7695403
2900778
2957095
3612951
7096554
6055329
6596593
2053387
4334848
10476985
4972594
3855790
5359162
5311694
4337197
7196668
3650809
5728495
5223529
5330498
4613992
7933336
5222023
6466894
7761858
6022060
7498961
8158275
7718293
9357457
9798813
6080267
8131942
9947029
5730930
6568351
8659613
7156814
9038969
8638317
9230653
8292494
6714951
8303345
8742555
7216271
13171760
3603777
8904358
12956362
8172675
10296801
13915305
13877076
3989257
5854582
2835009
2354966
3284196
3602632
4370971
1841591
5318956
6234109
2645778
4882639
4789118
3353956
3369115
3562802
4097158
4292500
3016653
3125811
3674585
5261784
3653665
3011145
5491245
5875448
5773298
6041012
4611108
4387252
3801894
3584567
1751752
4109182
4037654
2770045
6452447
2931382
6130470
4904583
3934645
9389404
5701851
4906086
3794561
4497124
9118484
4911754
18965667
2281495
1863865
1865338
3238561
6076008
16459211
10726142
3304321
1488708
4199956
4454600
3353148
3370190
6443826
6861489
7993547
2513479
6281908
12532412
13110603
10812155
12162876
6254104
11577038
11919558
6704523
4406643
10162657
9573626
8669595
6675725
6076857
7099063
2864629
8377286
5839040
4611735
7264146
6647082
5477415
4118114
6696399
5532959
4259493
4138993
1911129
9275887
9099285
10874300
8220201
6536895
6113457
5897124
5256351
6642593
6339476
5656667
8041412
7490159
5431376
4676201
6591144
5812721
6911028
7906294
6842317
4003566
7706008
8006449
8723592
9196938
6343812
4411576
8086596
10649614
8405461
8076628
6061416
10711527
6956984
4740093
653806
337764
91641
4634618
22260
13558804
16031305
15056600
15542780
3456928
749140
2326627
7812778
6660600
8352642
325364
6749987
5889634
5068288
5219803
7217280
6636303
9514770
5082118
7821219
7566653
6571050
6120430
9252631
10935613
10007279
8791989
2207845
6763581
5291964
5902827
6588036
5717826
6958309
7860718
7892575
9763378
7681991
3650871
1552760
2125061
9010491
9619857
9058953
11094442
7607078
2456386
2517356
12216654
12260347
4458611
12399179
12444716
8655030
1345312
6503136
9398769
908480
1468705
367026
5682937
7995595
8792872
7046309
1630995
1751388
23489
1880237
3040824
5421103
4308307
573522
1467756
3979425
8471559
1338942
2217598
800045
3654030
614659
2447477
1755718
871303
880501
1351071
1291456
1228347
4536310
11993853
11914701
9687545
15479077
15682558
6252520
6186069
4351462
1236695
370203
6180569
6701327
4224506
2761789
6918519
5194539
6439123
5799755
5823939
4070080
8818641
8162853
3126612
9154053
8578735
6441437
4473212
8023380
8859515
7951094
10169762
6873799
4302912
5947258
7727407
8948980
8785845
10191081
9071717
6454025
5434630
9619660
8607798
8095163
27115426
17625931
11781185
9244632
2678956
16047447
20617566
23322668
17097293
15020348
8624048
10317628
11778904
8200780
3511305
8814330
9053980
12959413
3700248
21749065
4400969
2025582
1447146
1202466
181187
10223593
10324372
9183044
8585142
3941682
7409070
5731196
6441625
5430768
4975861
7339930
7461307
6366191
7562983
5877792
7827954
7323862
8182323
6459052
1114264
8741789
9888169
8916656
8843760
7288036
220315
9853018
6220629
7865509
5750831
4574696
7537031
7366719
4401591
5834320
7835723
4364876
5751826
10705279
8976099
7192955
13504878
8424378
7111784
4726340
3986423
9535500
5297321
2368636
4663729
2596630
2506365
6143786
3372129
3839758
1839031
8137410
8302581
7030826
5415209
7577787
8252133
6434959
7680779
6661935
7552047
5646510
5842962
7108065
6733887
6132012
10147092
7728922
6805578
6701367
8641240
7088091
1180024
1051153
7010092
4766629
5481397
7605986
8073281
6058557
3322961
3460375
5235449
9611232
6382448
8070127
7229424
5427211
2053799
3786294
4718719
7782705
13405913
9561576
10233007
11815308
15009888
12615801
5976269
4364888
5316996
7705313
4092587
4734939
9227737
4741976
1482191
3276088
5033620
4463967
3484325
4514222
2332399
2087148
4335692
5311855
1963519
6121772
3892589
3981101
5711636
3841673
3803267
4553975
3534502
3678044
5748395
4361861
2580902
13755179
11703434
18217535
27138696
15336704
27450685
5506106
8044950
7104739
7639387
8459961
5039225
6229713
2251200
6753960
1973415
8629688
7142884
6427649
9214903
7347061
5128188
5815243
3495108
3378552
10088156
2747917
3497218
3068631
3219541
108777
131515
31039541
14909404
28317368
17447260
29749521
21341643
15535527
14093521
9314417
19316128
11599845
23126665
6319519
6123814
7244784
6095091
5140781
6521881
8254173
7774988
6574308
8718399
9394501
6241363
2125526
8554806
5681440
8507549
5051859
3569203
6831078
5418796
10081412
5090510
4897767
5988869
7117790
8161772
5145094
6693557
9246536
2487380
1312946
1175326
886947
5668466
11715705
752681
1041387
758340
424116
4625106
2072058
4831866
6817150
8147198
7839298
2770641
7661406
9511587
7775205
6667846
7982959
7251715
6144237
8304524
4066247
1936010
3634667
2163359
1906876
860061
3864196
3768749
3554475
2333780
4177934
11343291
8405691
5390752
7913166
10728735
11372468
12687191
6716774
7405322
7032694
6557559
7455071
5931448
532108
817404
2573671
2115996
7299637
6013901
5447411
8171795
8145178
5161028
7272883
720931
134407
6463961
7584982
1824532
3888455
4339750
4228833
5356082
2826296
2470288
3263317
1809792
1331329
3277247
2199898
865922
1347713
1743674
2653907
9757
4255832
2010512
3860460
5020239
4425190
4803275
1581274
2210835
2051187
7130391
3788374
2434906
4531861
5978954
5442865
3770093
5440669
4259206
3718986
7159085
7319415
3286676
2489995
2855478
3134445
784513
5632764
5302276
1474438
4942538
4400703
2595378
6486917
27938009
25791340
12459664
4912606
6073224
7780261
2014
295415
688087
749214
6573232
7344938
7208611
6544772
10696213
266645
403064
949294
1495030
5493890
4461716
2893330
7902411
7977444
256816
114791
161610
282864
6999546
168263
125364
199905
178391
566852
1853299
8317775
7308338
5679022
4390988
6080146
667125
323290
507888
677667
6988697
5805749
5402332
4343576
569621
497076
805723
2211880
6212213
5174163
5691174
321274
326007
717638
775887
6509555
6086384
6077035
5540241
5518411
7999980
6214878
9395881
512986
359369
261556
837388
7538243
3718415
7341468
4442063
8360733
8227004
690663
259185
504879
840543
4818337
2430728
260716
325678
258388
495743
3046481
7317497
6133943
8047932
8641530
8755515
7646588
635048
301517
421612
826327
7690362
7840905
1866994
6374693
6963789
706868
509581
363964
671526
6155762
7042672
7264580
6337449
5708594
368080
293845
198246
285232
7754648
8442122
6144044
7761063
7827919
578657
186004
251723
719152
7445705
8088656
5727842
5970842
6419134
8419175
1031993
435673
263071
396207
3016718
5457630
2906359
4892
5002352
5194430
5859376
436833
246304
473363
478274
5766199
5482514
6839824
6656369
12547908
18559377
2870315
7635020
12221598
9762000
6102779
6616393
107296
2669746
3055237
5432580
8215029
8342397
5935782
9259563
122550
4756636
7865808
7203957
5177042
6032250
5730967
8039212
6703592
127073
4765317
4742059
2389402
4314499
5667372
6038041
4570392
165865
5493051
9328508
8692634
6563137
5595747
7118960
8895729
4866044
7909208
126915
4077932
6278624
7450202
6655127
2791106
10158357
6110350
4723806
10484067
6836996
5489835
6223392
6937221
6443628
8713869
6902988
499415
5077442
1818675
5673727
8485536
12397335
27400
9060926
8726639
5918476
5560696
294836
1265997
5233298
6059282
4448517
24285
4665390
1881690
6966433
7793300
13156693
17577359
6571868
6687654
4180449
7418756
5955050
7297577
10156732
7284191
6598003
6406859
7379856
9144759
8745670
7219045
8253502
6138955
6966703
14326369
14427109
1114251
16880480
3657428
935241
8785507
4282624
4139136
1764296
7246420
4805748
1841291
3439942
5271303
5054453
4242331
4055109
4746014
9892222
2332667
6877412
7459325
5802021
3735275
2884889
7072579
6281036
3137306
6109030
6142430
4987781
3912136
5341146
7139030
4790765
7444476
8414741
3715593
10156400
8509766
15079525
24106525
16218588
15485142
1430043
967941
842275
18537820
19148125
14959403
1352441
4660398
4932168
4761285
113981
2625574
9875355
9274953
9598526
374617
210751
1230595
1038963
1828288
6914449
7228127
6809576
8417890
250182
181127
194765
2896636
5841106
7799423
6367659
5549382
4998952
14315
224849
348141
4279026
7820994
8446051
7171162
6949925
6325094
197228
188881
339949
105172
3258798
6017277
4549366
6623722
4525466
312110
637676
419297
4928040
4030386
7047187
5451156
6483566
4906184
181580
116690
4573145
5946512
156208
5780378
6403854
5669334
678195
351107
434711
5902057
6077674
5858292
5245588
462818
214254
247429
6385610
5420860
5537745
6643591
6562809
148514
19663
4174837
6973059
4598146
10485047
7699680
64131
3378176
1329197
2946199
2416977
2527
1518298
2251341
761374
9511467
3543409
1107619
6468015
7226769
6610974
4916467
2658381
4075290
7030990
4844890
6977404
5702372
3795133
4754068
642373
4581977
3999855
4605161
4883019
7696686
6874250
7695460
28246
8518159
4109341
3772377
5524237
5407385
4144242
1210773
3968746
3412164
3648253
6411667
3186285
6248617
3293128
3957133
570213
639339
1431479
1627545
3974891
2753384
611428
1994653
2686221
4129806
3850734
2490986
6645742
5335554
4975447
4818870
4675559
3703065
3826779
2071621
4949783
1620461
717034
3974043
3091233
7794926
16330999
18188345
20245358
14988076
14996321
17158002
13088219
12913554
6842147
7344536
10019527
7803530
7887680
29889551
21894361
17486622
5118375
21124856
19691311
11275829
4043838
6571166
6968983
7551550
5407122
8538860
8291877
7419175
8497067
7147479
8673753
12446307
7973229
3661351
7371936
8438232
6646792
5438191
7220795
9437011
7834992
9372994
9588762
6249685
5243812
5546825
4595473
10667609
8488463
6868612
7219257
4887424
8568965
12308095
11931478
9210563
6145248
7847967
7512575
6613648
7098367
5193115
6676394
6221682
4025337
1898866
8360477
5128127
5109480
6944567
10377057
9770295
6287907
9399924
5710838
5925434
5063951
6317553
7391443
6162123
7196307
6546240
6766358
5136347
5732444
5305338
8190414
6710487
5936836
6692786
4771979
7233718
10363498
8893438
5898851
6371621
3948719
4813175
3572653
6876518
7660546
7139840
7376923
6004924
6413075
8072831
6872035
8070017
7433467
7526745
7691534
7454910
9435209
7686081
8292720
7064629
7993474
7831646
8798623
6739973
7154647
9834658
3513844
2364792
2305423
6800220
6214431
6781639
4257510
5215647
6712625
8346876
7811507
7682822
6507991
7391210
7020694
8936741
5976675
10406115
11999641
14224409
7705226
8931872
8922111
6515456
7090837
5298131
7526175
7490586
9857511
12216638
9716050
14752200
11111355
342872
2406169
136572
2436954
9270104
6337735
5548259
3031156
5187470
2793551
3179831
10465784
4049110
1790195
5503836
1103070
2837464
3628775
1256788
3009205
17615
7379
15269408
7123080
261149
34003845
23416352
12350489
3503573
17518120
32553573
17425465
8903519
6360835
7301881
1476602
8765977
10112904
7143962
6660942
6678974
877094
4577745
2362778
5776562
14039778
3952412
3700715
5143010
6989028
5595533
6469126
5367736
7634857
8899631
4916284
5244445
6742991
9725036
7988585
10940173
9309769
5671448
6333807
5157814
5618888
5481281
6079726
9680802
2635184
6858610
7111874
5720119
3630870
1429356
2190278
1159929
1350531
1354944
3386989
2499192
2044621
2474346
2955476
9042865
8078100
9020218
9596924
7036310
2732549
3343489
3471776
1418141
2776562
6942141
7353652
6413788
8799697
7803983
8454604
8228421
6634541
8838455
7945207
1407046
8273977
5129024
11289459
7286078
7446210
7079452
7431721
5608094
1868407
7465992
5996471
3600166
4126826
6034508
5787050
2728353
6156546
13109607
13038226
6381895
5700124
4858822
9350883
9391198
14881155
11662777
9832555
6334570
5951986
7375995
5133317
8844909
2590910
8203071
8610789
5710531
6880522
7811336
7591233
1379707
2915881
3581538
2775563
6021212
4160552
7328604
4745945
4220503
1695059
1510428
7367686
5554857
20928
41222
9033161
2375041
2874641
1201333
1386158
6717569
6725550
6873380
3095167
9013201
633622
2186081
2343825
2620127
8859730
8852600
7702928
1143473
1097551
1080757
3952984
9845441
6920327
6199799
7180302
6005870
1431079
740822
6332217
5397193
7440231
6594560
8438746
9482623
7386516
7086373
4557417
5332867
6324946
6314452
5064077
13651717
13433522
13633902
2314027
4836854
5082750
6303217
4041049
7518586
11442147
12845889
6662345
129041
851194
8628
15912437
16807072
18672354
6341989
6559384
19178935
15367540
10507505
19838724
15547746
13875361
6901919
9251878
1288948
1048326
1525044
2735469
3418403
2893813
7936903
7235693
23385
1710769
1640436
6024381
9865441
8859034
7319094
7935727
2968559
6049894
5792030
4607838
6085170
4151730
1793257
6783122
4408433
10025137
6368103
9609449
7794734
4146052
6741226
7547768
6430632
5338734
4438589
7933892
5912024
5450276
10124494
9386886
5171824
6647981
9203568
4180320
6272133
5434435
10246567
7862150
8956906
8310212
6662620
6380060
6803987
6535817
9198107
7943713
568242
3556680
2953770
6912458
7410749
6603575
8717792
7244573
6044314
6250982
7269357
13908230
11817578
3045434
1993564
3495577
14826237
12897194
10419144
4883063
12718
9416696
4543005
9635589
9377026
6574567
6343001
4463461
3832499
5691221
11087849
8847321
9705379
8548039
7168025
7593560
8109691
7909937
6550848
5673604
7486788
9149472
7785134
7715295
7691061
4427239
9993030
6140166
6236335
8031488
9623299
7672823
13409207
8369154
8442264
7533324
6378175
8458925
6547875
8051729
7590543
6892123
14497089
8218076
8856298
7530587
9182669
9411289
6596522
4370795
3696614
4253407
6130738
8518558
7828499
7086108
5657405
8483374
5220218
4422146
5392585
4500957
5017204
8709476
8668814
7074289
4424959
4510958
10453879
10256868
7533038
7221238
5439389
8804740
5106623
3637060
4184950
4826287
8936783
8644528
7853736
7154528
8546106
8629797
7287239
7467661
6824680
4289142
8445290
7432472
6508126
7480752
8000833
8492083
7638556
7969413
4504772
4077883
8001945
6706511
8210820
7433291
9949324
9774269
10842387
11654017
6710218
13533580
7345691
8027052
6703348
7219611
8080913
6829981
8445825
14801658
12100242
1285885
65799
15205368
2851615
2532138
2593960
7586513
7963054
15696619
9635600
10853343
3937883
17591637
7463480
11317018
657115
4104530
926451
1078945
1371148
4115118
1990470
491453
1043681
6415310
480628
10265779
289599
7190707
79996
354067
4804253
1857663
1333442
7885120
1524062
1082562
7723156
6254192
10481461
174438
2519358
7145656
6206047
6431442
6460837
5637456
5436808
5528317
5795076
6029295
6251110
6607798
6594712
5447892
8142347
7554963
5758808
5510432
6890528
5977619
2511075
3063257
5895036
5937219
6584496
5758542
4551639
5998623
4646842
4046278
3982745
2184900
16446329
84797
10380412
1412608
7439733
1556621
10224215
6339971
20768634
12109741
11532603
10615803
19541671
18465378
21080454
18069674
22104824
2491673
24624970
17658707
5505402
8166914
8868628
9444294
5128045
5876971
8870650
5397247
5368642
4577333
9099947
29781136
12131701
10529810
25097161
13446497
14162050
2578971
10510427
5243866
5444337
4926252
8073015
7795620
8140709
6787989
5506095
5393070
7722000
6331549
2384546
5790627
7812083
6288502
4956613
6511380
1758854
3883639
8833535
8570657
6613766
8617153
8987392
6574622
8774262
134292
8227284
7059708
6065151
4095377
8187866
9659976
7415473
8314091
7491776
4569008
3035514
6446115
5128609
9105602
6664066
4907661
5765743
7746936
7357746
7461218
4193570
8077056
8443799
7181523
6053489
6675688
2424940
3058693
4310010
6149361
8175940
4730456
3300506
6471661
3793023
6346459
4711257
6520668
4861339
7073312
6760011
4875709
3951682
6095396
3589878
3349045
5387874
5652309
6541276
7693018
7000142
2717606
5389581
6186824
4934701
4835090
4544186
3888689
9004031
7124116
4828016
5160414
3509764
6092353
3130912
1527790
3897656
2284325
1852254
2072835
2954869
2956965
6644470
7629491
8045826
5406110
5763519
7685455
5375929
4754047
4214949
4912794
4020096
4557323
3101924
4286630
5565131
5406763
3846889
4476986
4657733
3958349
7561762
5653855
5508836
5719438
6815003
8337563
6271059
6294467
6619887
2765621
3562933
1462515
5725791
5186782
6545320
5730996
8476741
6981850
8182872
5620557
1171889
1918197
2171238
1504959
2124281
4458558
2055606
5239357
779547
6468544
2210916
7872412
6790265
6975520
5344113
7584921
6195805
3094895
2026531
6493835
6656075
6575425
6172570
6921063
6171120
4452617
4517288
2280407
2251696
9150942
6108844
7677977
5313116
8401697
3604280
8691431
4065532
7341993
6582441
9079167
1689498
7585374
6865475
6080277
5329576
6557650
7401504
7870524
8609752
8098328
6036988
6302152
2353243
2965684
3651109
5933719
8545594
7335015
7778430
7680638
9484777
5527099
6666035
3642595
3106953
6620275
6016002
6490875
4553013
3814713
5984391
6576119
5144984
5753655
3210017
3651731
4330916
7873705
7515240
6904350
6798111
4838463
6209873
7606576
4707906
1580240
2124139
6307666
332292
8524331
7083948
6633917
6049065
3402986
1965287
4072901
2696883
3935412
2977764
2305786
12943855
7001775
10096373
5769869
7576829
5474082
4933719
6258509
5875173
5689642
8141104
8816797
5636113
5312753
4511239
6353554
6213194
9261396
11298939
8691185
9000669
11984238
10939706
10579985
10630921
1157680
2112817
2544545
4310802
5655536
2613117
9572083
12132376
12356249
8759195
6954130
9242307
8968226
2767440
5014499
8399794
5288513
15626658
12294991
7720428
4546847
10219571
11837282
11489478
5263673
7908436
8713600
7133556
7250652
8528699
10067502
11324667
12623666
9824763
123992
137970
603806
127453
17704
173784
271936
78743
55486
294444
297330
6125877
6359779
6901668
5669282
3036399
3796051
5190646
4860222
3007835
3828874
3358394
4976138
4358905
5725665
3816126
1293516
1126196
1882285
1472952
7637982
5085153
9074738
7074474
